run7783
layerslayer		290.615		33.4043		13		2.56956
1stlayer		270.401		28.6305		12		2.38588
2ndlayer		313.75		19.1668		14		1.36906
3rdlayer		257.573		12.6968		11		1.15426
4thlayer		319.785		13.9052		14		0.993227
5thlayer		301.816		16.2175		14		1.1584
6thlayer		293.513		17.5972		13		1.35363
run7254
run7254
layerslayer		0		0		0		-nan
1stlayer		0		0		0		-nan
2ndlayer		0		0		0		-nan
3rdlayer		0		0		0		-nan
4thlayer		0		0		0		-nan
5thlayer		0		0		0		-nan
6thlayer		0		0		0		-nan
run7463
layerslayer		303.961		51.5039		14		3.67885
1stlayer		281.139		23.9557		12		1.99631
2ndlayer		339.767		24.3701		16		1.52313
3rdlayer		271.99		19.5777		11		1.77979
4thlayer		329.502		29.3079		15		1.95386
5thlayer		313.812		11.796		13		0.907385
6thlayer		303.53		14.7989		14		1.05707
run7703
layerslayer		299.984		24.1215		14		1.72297
1stlayer		284.292		12.452		12		1.03767
2ndlayer		325.925		30.5592		15		2.03728
3rdlayer		266.742		15.0751		12		1.25626
4thlayer		325.93		25.926		14		1.85186
5thlayer		310.171		15.1075		14		1.07911
6thlayer		300.05		10.0544		13		0.773417
run6249
layerslayer		324.419		29.6528		17		1.74428
1stlayer		310.715		26.6451		15		1.77634
2ndlayer		347.715		20.7903		17		1.22296
3rdlayer		290.224		28.8562		15		1.92375
4thlayer		352.516		22.6975		18		1.26097
5thlayer		324.886		27.9407		17		1.64357
6thlayer		331.384		31.8712		17		1.87478
run7378
run7378
layerslayer		297.859		54.8538		14		3.91813
1stlayer		283.405		23.4024		13		1.80018
2ndlayer		331.015		16.2637		15		1.08424
3rdlayer		264.461		15.2297		12		1.26914
4thlayer		316.624		16.0492		14		1.14637
5thlayer		303.231		33.5975		14		2.39982
6thlayer		300.652		25.3802		14		1.81287
run7463
layerslayer		303.98		52.2025		14		3.72875
1stlayer		281.194		24.1536		12		2.0128
2ndlayer		339.763		24.6894		16		1.54309
3rdlayer		272.137		19.4156		11		1.76505
4thlayer		329.364		29.6568		15		1.97712
5thlayer		313.939		11.8861		13		0.914312
6thlayer		303.52		14.866		14		1.06186
run7463
layerslayer		303.98		52.2025		14		3.72875
1stlayer		281.194		24.1536		12		2.0128
2ndlayer		339.763		24.6894		16		1.54309
3rdlayer		272.137		19.4156		11		1.76505
4thlayer		329.364		29.6568		15		1.97712
5thlayer		313.939		11.8861		13		0.914312
6thlayer		303.52		14.866		14		1.06186
run7463
layerslayer		303.98		52.2025		14		3.72875
1stlayer		281.194		24.1536		12		2.0128
2ndlayer		339.763		24.6894		16		1.54309
3rdlayer		272.137		19.4156		11		1.76505
4thlayer		329.364		29.6568		15		1.97712
5thlayer		313.939		11.8861		13		0.914312
6thlayer		303.52		14.866		14		1.06186
run7463
layerslayer		303.98		52.2025		14		3.72875
1stlayer		281.194		24.1536		12		2.0128
2ndlayer		339.763		24.6894		16		1.54309
3rdlayer		272.137		19.4156		11		1.76505
4thlayer		329.364		29.6568		15		1.97712
5thlayer		313.939		11.8861		13		0.914312
6thlayer		303.52		14.866		14		1.06186
