run7783
layerslayer		245.034		49.351		9		5.48344
1stlayer		235.8		9.04839		8		1.13105
2ndlayer		233.521		9.56304		8		1.19538
3rdlayer		231.429		14.335		9		1.59278
4thlayer		235.358		6.19343		8		0.774179
5thlayer		278.621		29.3034		10		2.93034
6thlayer		264.126		23.3499		9		2.59443
run7254
run7254
layerslayer		281.377		57.0409		10		5.70409
1stlayer		268.083		5.47438		9		0.608265
2ndlayer		272.325		15.3297		9		1.7033
3rdlayer		270.848		24.7438		10		2.47438
4thlayer		268.647		13.9579		9		1.55087
5thlayer		321.256		20.4289		12		1.70241
6thlayer		296.456		29.1089		10		2.91089
run7463
layerslayer		267.042		32.6852		10		3.26852
1stlayer		256.75		16.9131		10		1.69131
2ndlayer		253.38		7.60048		10		0.760048
3rdlayer		258.454		11.7051		10		1.17051
4thlayer		254.539		21.0033		10		2.10033
5thlayer		298.486		14.8793		11		1.35267
6thlayer		283.402		18.4868		11		1.68062
run7703
layerslayer		245.793		27.9183		9		3.10203
1stlayer		235.626		9.38755		8		1.17344
2ndlayer		234.291		13.8781		8		1.73476
3rdlayer		229.639		4.43981		9		0.493312
4thlayer		238.696		8.42549		8		1.05319
5thlayer		276.465		12.9076		10		1.29076
6thlayer		264.687		10.6901		9		1.18779
run6249
layerslayer		268.279		35.4676		11		3.22433
1stlayer		251.774		8.83581		10		0.883581
2ndlayer		254.902		12.4115		10		1.24115
3rdlayer		266.074		9.51227		10		0.951227
4thlayer		255.516		18.5862		11		1.68965
5thlayer		313.19		8.82553		13		0.678887
6thlayer		279.662		19.0063		12		1.58386
run7378
run7378
layerslayer		271.456		39.8437		10		3.98437
1stlayer		260.002		15.6907		9		1.74342
2ndlayer		258.709		16.8995		9		1.87772
3rdlayer		258.509		13.492		11		1.22655
4thlayer		262.556		19.7764		9		2.19738
5thlayer		306.699		12.2908		11		1.11734
6thlayer		290.008		11.9283		11		1.08439
run7463
layerslayer		0		0		0		-nan
1stlayer		0		0		0		-nan
2ndlayer		0		0		0		-nan
3rdlayer		0		0		0		-nan
4thlayer		0		0		0		-nan
5thlayer		0		0		0		-nan
6thlayer		0		0		0		-nan
run7463
layerslayer		0		0		0		-nan
1stlayer		0		0		0		-nan
2ndlayer		0		0		0		-nan
3rdlayer		0		0		0		-nan
4thlayer		0		0		0		-nan
5thlayer		0		0		0		-nan
6thlayer		0		0		0		-nan
run7463
layerslayer		274.587		27.7974		10		2.77974
1stlayer		272.863		14.4184		10		1.44184
2ndlayer		248.455		5.38591		9		0.598434
3rdlayer		261.403		9.15225		10		0.915225
4thlayer		270.662		13.8555		10		1.38555
5thlayer		299.522		11.6428		11		1.05844
6thlayer		300.374		12.5952		11		1.14502
run7463
layerslayer		274.587		27.7974		10		2.77974
1stlayer		272.863		14.4184		10		1.44184
2ndlayer		248.455		5.38591		9		0.598434
3rdlayer		261.403		9.15225		10		0.915225
4thlayer		270.662		13.8555		10		1.38555
5thlayer		299.522		11.6428		11		1.05844
6thlayer		300.374		12.5952		11		1.14502
