run7783
layerslayer		239.923		52.0324		9		5.78138
1stlayer		235.664		28.4545		9		3.16161
2ndlayer		230.379		6.04951		8		0.756188
3rdlayer		209.322		2.8585		8		0.357313
4thlayer		226.425		37.185		9		4.13167
5thlayer		282.765		34.1646		11		3.10587
6thlayer		258.301		24.6843		9		2.7427
run7254
run7254
layerslayer		275.872		110.913		11		10.083
1stlayer		269.398		7.63736		10		0.763736
2ndlayer		267.74		23.4474		10		2.34474
3rdlayer		251.295		28.5263		10		2.85263
4thlayer		260.37		32.3274		10		3.23274
5thlayer		323.578		15.3227		12		1.27689
6thlayer		291.665		35.735		11		3.24864
run7463
layerslayer		261.528		86.5738		12		7.21449
1stlayer		260.617		30.5778		11		2.7798
2ndlayer		249.49		17.0561		11		1.55055
3rdlayer		238.712		8.43334		11		0.766667
4thlayer		247.678		27.9185		11		2.53805
5thlayer		303.343		16.195		13		1.24577
6thlayer		278.179		26.3311		12		2.19426
run7703
layerslayer		241.45		36.2865		10		3.62865
1stlayer		237.438		27.5255		10		2.75255
2ndlayer		229.682		3.13738		9		0.348598
3rdlayer		210.583		9.3356		9		1.03729
4thlayer		230.629		10.8782		9		1.20869
5thlayer		282.564		15.675		12		1.30625
6thlayer		260.482		15.0811		10		1.50811
run6249
layerslayer		258.636		77.7288		13		5.97914
1stlayer		253.561		28.9174		12		2.40978
2ndlayer		249.628		31.8169		12		2.6514
3rdlayer		223.982		23.0409		12		1.92007
4thlayer		245.868		34.6869		11		3.15336
5thlayer		320.754		20.4178		14		1.45841
6thlayer		274.053		21.8342		12		1.81952
run7378
run7378
layerslayer		266.283		61.9726		11		5.63387
1stlayer		261.678		44.9133		10		4.49133
2ndlayer		254.205		15.2549		11		1.38681
3rdlayer		239.39		14.6083		11		1.32803
4thlayer		251.129		42.1184		11		3.82895
5thlayer		307.881		35.6157		13		2.73967
6thlayer		284.988		20.1041		12		1.67534
run7463
layerslayer		0		0		0		-nan
1stlayer		0		0		0		-nan
2ndlayer		0		0		0		-nan
3rdlayer		0		0		0		-nan
4thlayer		0		0		0		-nan
5thlayer		0		0		0		-nan
6thlayer		0		0		0		-nan
run7463
layerslayer		0		0		0		-nan
1stlayer		0		0		0		-nan
2ndlayer		0		0		0		-nan
3rdlayer		0		0		0		-nan
4thlayer		0		0		0		-nan
5thlayer		0		0		0		-nan
6thlayer		0		0		0		-nan
run7463
layerslayer		272.647		91.2406		12		7.60338
1stlayer		276.889		37.7674		11		3.4334
2ndlayer		247.864		23.1408		11		2.10371
3rdlayer		247.567		14.3916		11		1.30833
4thlayer		267.333		24.538		11		2.23073
5thlayer		304.853		13.0023		13		1.00018
6thlayer		298.131		21.8384		12		1.81987
run7463
layerslayer		272.647		91.2406		12		7.60338
1stlayer		276.889		37.7674		11		3.4334
2ndlayer		247.864		23.1408		11		2.10371
3rdlayer		247.567		14.3916		11		1.30833
4thlayer		267.333		24.538		11		2.23073
5thlayer		304.853		13.0023		13		1.00018
6thlayer		298.131		21.8384		12		1.81987
