run7783
layerslayer		302.338		21.7362		13		1.67201
1stlayer		271.11		14.5744		12		1.21454
2ndlayer		350.595		12.7121		14		0.908005
3rdlayer		269.575		23.5454		12		1.96212
4thlayer		317.674		6.01363		12		0.501136
5thlayer		313.061		13.7155		14		0.979682
6thlayer		306.392		13.1114		14		0.93653
run7415
layerslayer		318.366		14.1278		14		1.00913
1stlayer		293.625		25.0656		13		1.92812
2ndlayer		376.354		7.21387		16		0.450867
3rdlayer		298.986		8.19428		12		0.682857
4thlayer		323.539		13.5717		14		0.969409
5thlayer		310.31		9.51135		13		0.731642
6thlayer		321.755		20.3689		14		1.45492
run7276
layerslayer		302.182		21.8895		14		1.56354
1stlayer		273.376		4.42155		11		0.401959
2ndlayer		369.274		14.7426		16		0.92141
3rdlayer		285.459		15.4956		11		1.40869
4thlayer		319.255		8.79092		13		0.676225
5thlayer		301.124		22.4394		13		1.7261
6thlayer		288.178		18.6052		14		1.32894
run6250
layerslayer		325.184		20.4643		15		1.36429
1stlayer		286.394		14.6287		13		1.12528
2ndlayer		362.319		12.8445		16		0.802784
3rdlayer		310.437		8.59885		13		0.66145
4thlayer		355.818		19.5138		16		1.21961
5thlayer		323.544		10.0344		15		0.668957
6thlayer		320.134		14.9572		14		1.06837
run7523
layerslayer		319.477		12.0166		15		0.801106
1stlayer		287.364		13.4112		13		1.03163
2ndlayer		389.87		15.9155		17		0.936204
3rdlayer		299.552		7.316		13		0.562769
4thlayer		322.208		15.1892		15		1.01262
5thlayer		311.696		17.5969		15		1.17313
6thlayer		326.582		12.1811		14		0.87008
run7523
layerslayer		319.477		12.0166		15		0.801106
1stlayer		287.364		13.4112		13		1.03163
2ndlayer		389.87		15.9155		17		0.936204
3rdlayer		299.552		7.316		13		0.562769
4thlayer		322.208		15.1892		15		1.01262
5thlayer		311.696		17.5969		15		1.17313
6thlayer		326.582		12.1811		14		0.87008
run7572
layerslayer		326.796		11.8857		14		0.848979
1stlayer		290.282		12.8475		13		0.988266
2ndlayer		382.685		13.4025		16		0.837659
3rdlayer		296.464		14.2022		12		1.18352
4thlayer		330.631		9.72922		15		0.648614
5thlayer		335.041		18.3799		13		1.41384
6thlayer		330.908		12.4338		15		0.82892
