run7783
layerslayer		290.615		33.4043		13		2.56956
1stlayer		270.401		28.6305		12		2.38588
2ndlayer		313.75		19.1668		14		1.36906
3rdlayer		257.573		12.6968		11		1.15426
4thlayer		319.785		13.9052		14		0.993227
5thlayer		301.816		16.2175		14		1.1584
6thlayer		293.513		17.5972		13		1.35363
run7415
layerslayer		308.594		39.6437		15		2.64291
1stlayer		295.137		21.494		14		1.53529
2ndlayer		344.034		13.3558		15		0.890385
3rdlayer		274.148		13.0415		13		1.00319
4thlayer		327.052		11.2738		15		0.75159
5thlayer		314.779		26.0814		14		1.86296
6thlayer		310.588		20.4622		14		1.46159
run7276
layerslayer		296.582		33.98		14		2.42714
1stlayer		267.597		16.3773		12		1.36478
2ndlayer		336.911		17.7163		16		1.10727
3rdlayer		283.587		18.4473		12		1.53727
4thlayer		310.035		9.16226		13		0.704789
5thlayer		293.501		21.45		13		1.65
6thlayer		300.794		26.4093		14		1.88638
run6250
layerslayer		324.109		34.5708		17		2.03358
1stlayer		306.627		25.9176		15		1.72784
2ndlayer		350.384		30.3758		17		1.78681
3rdlayer		289.901		23.8181		15		1.58787
4thlayer		350.28		14.3599		18		0.797771
5thlayer		325.875		23.3718		17		1.37481
6thlayer		329.316		21.8914		17		1.28773
run7523
layerslayer		304.576		36.8273		14		2.63052
1stlayer		288.865		17.4545		13		1.34265
2ndlayer		326.453		21.088		15		1.40587
3rdlayer		274.778		23.0037		12		1.91698
4thlayer		336.834		15.2464		16		0.952901
5thlayer		310.296		20.139		13		1.54915
6thlayer		305.601		22.2161		14		1.58686
run7523
layerslayer		304.576		36.8273		14		2.63052
1stlayer		288.865		17.4545		13		1.34265
2ndlayer		326.453		21.088		15		1.40587
3rdlayer		274.778		23.0037		12		1.91698
4thlayer		336.834		15.2464		16		0.952901
5thlayer		310.296		20.139		13		1.54915
6thlayer		305.601		22.2161		14		1.58686
run7572
layerslayer		301.724		31.5505		14		2.2536
1stlayer		281.558		21.5511		12		1.79592
2ndlayer		322.224		6.81657		14		0.486898
3rdlayer		273.247		22.2347		12		1.85289
4thlayer		336.992		9.73526		16		0.608454
5thlayer		310.998		16.6657		13		1.28198
6thlayer		306.175		19.8593		14		1.41852
