run7783
layerslayer		239.923		52.0324		9		5.78138
1stlayer		235.664		28.4545		9		3.16161
2ndlayer		230.379		6.04951		8		0.756188
3rdlayer		209.322		2.8585		8		0.357313
4thlayer		226.425		37.185		9		4.13167
5thlayer		282.765		34.1646		11		3.10587
6thlayer		258.301		24.6843		9		2.7427
run7415
layerslayer		262.68		41.098		12		3.42483
1stlayer		259.97		14.108		10		1.4108
2ndlayer		251.18		32.1606		11		2.92369
3rdlayer		238.495		8.13685		12		0.678071
4thlayer		250.45		23.9486		11		2.17715
5thlayer		303.037		18.5301		13		1.42539
6thlayer		277.875		21.7926		12		1.81605
run7276
layerslayer		0		0		0		-nan
1stlayer		0		0		0		-nan
2ndlayer		0		0		0		-nan
3rdlayer		0		0		0		-nan
4thlayer		0		0		0		-nan
5thlayer		0		0		0		-nan
6thlayer		0		0		0		-nan
run6250
layerslayer		258.71		71.8188		13		5.52452
1stlayer		252.102		36.8034		11		3.34576
2ndlayer		248.831		31.0199		11		2.81999
3rdlayer		225.658		14.6257		11		1.32961
4thlayer		246.576		27.3916		11		2.49015
5thlayer		322.416		17.7529		14		1.26807
6thlayer		275.01		26.1179		12		2.17649
run7523
layerslayer		249.357		54.9728		10		5.49728
1stlayer		251.798		24.443		10		2.4443
2ndlayer		239.322		12.5257		9		1.39174
3rdlayer		213.04		3.0685		9		0.340945
4thlayer		234.922		21.0051		9		2.3339
5thlayer		295.335		7.58944		11		0.689949
6thlayer		268.308		19.7635		10		1.97635
run7523
layerslayer		249.357		54.9728		10		5.49728
1stlayer		251.798		24.443		10		2.4443
2ndlayer		239.322		12.5257		9		1.39174
3rdlayer		213.04		3.0685		9		0.340945
4thlayer		234.922		21.0051		9		2.3339
5thlayer		295.335		7.58944		11		0.689949
6thlayer		268.308		19.7635		10		1.97635
run7572
layerslayer		246.696		47.1508		10		4.71508
1stlayer		248.615		36.213		10		3.6213
2ndlayer		238.29		16.5314		9		1.83683
3rdlayer		213.489		21.8094		9		2.42327
4thlayer		231.369		12.3624		9		1.37361
5thlayer		292.583		21.0346		11		1.91224
6thlayer		260.188		23.9347		10		2.39347
