run7783
layerslayer		245.034		49.351		9		5.48344
1stlayer		235.8		9.04839		8		1.13105
2ndlayer		233.521		9.56304		8		1.19538
3rdlayer		231.429		14.335		9		1.59278
4thlayer		235.358		6.19343		8		0.774179
5thlayer		278.621		29.3034		10		2.93034
6thlayer		264.126		23.3499		9		2.59443
run7415
layerslayer		268.009		35.75		10		3.575
1stlayer		257.291		11.6987		10		1.16987
2ndlayer		254.154		26.5091		10		2.65091
3rdlayer		258.496		7.52113		10		0.752113
4thlayer		259.631		15.2412		9		1.69346
5thlayer		300.044		10.1264		11		0.920585
6thlayer		281.936		11.8656		11		1.07869
run7276
layerslayer		0		0		0		-nan
1stlayer		0		0		0		-nan
2ndlayer		0		0		0		-nan
3rdlayer		0		0		0		-nan
4thlayer		0		0		0		-nan
5thlayer		0		0		0		-nan
6thlayer		0		0		0		-nan
run6250
layerslayer		268.744		31.3974		11		2.85431
1stlayer		250.459		12.5778		10		1.25778
2ndlayer		252.908		13.3156		11		1.21051
3rdlayer		263.55		25.3287		12		2.11073
4thlayer		252.943		21.1297		11		1.92088
5thlayer		315.785		20.7692		13		1.59763
6thlayer		284.202		19.2114		12		1.60095
run7523
layerslayer		256.742		24.8638		9		2.76265
1stlayer		249.605		14.2727		9		1.58586
2ndlayer		245.137		3.94052		8		0.492565
3rdlayer		241.19		4.17646		9		0.464051
4thlayer		243.794		13.2558		9		1.47286
5thlayer		290.152		8.59504		10		0.859504
6thlayer		273.561		15.0687		10		1.50687
run7523
layerslayer		256.742		24.8638		9		2.76265
1stlayer		249.605		14.2727		9		1.58586
2ndlayer		245.137		3.94052		8		0.492565
3rdlayer		241.19		4.17646		9		0.464051
4thlayer		243.794		13.2558		9		1.47286
5thlayer		290.152		8.59504		10		0.859504
6thlayer		273.561		15.0687		10		1.50687
run7572
layerslayer		253.278		30.3965		9		3.37739
1stlayer		247.138		10.1155		8		1.26444
2ndlayer		243.494		10.1701		8		1.27127
3rdlayer		243.546		18.6092		9		2.06769
4thlayer		240.32		13.4664		8		1.6833
5thlayer		283.617		11.5651		11		1.05137
6thlayer		265.225		6.90356		9		0.767062
