run6249
layerslayer		268.279		35.4676		11		3.22433
1stlayer		251.774		8.83581		10		0.883581
2ndlayer		254.902		12.4115		10		1.24115
3rdlayer		266.074		9.51227		10		0.951227
4thlayer		255.517		18.5862		11		1.68965
5thlayer		313.19		8.82553		13		0.678887
6thlayer		279.662		19.0063		12		1.58386
run7254
layerslayer		281.377		57.0409		10		5.70409
1stlayer		268.083		5.47438		9		0.608264
2ndlayer		272.326		15.3297		9		1.7033
3rdlayer		270.848		24.7438		10		2.47438
4thlayer		268.647		13.9579		9		1.55087
5thlayer		321.257		20.4289		12		1.70241
6thlayer		296.456		29.1089		10		2.91089
run7463
layerslayer		267.042		32.6852		10		3.26852
1stlayer		256.75		16.9131		10		1.69131
2ndlayer		253.38		7.60048		10		0.760048
3rdlayer		258.454		11.7051		10		1.17051
4thlayer		254.538		21.0033		10		2.10033
5thlayer		298.487		14.8793		11		1.35267
6thlayer		283.402		18.4868		11		1.68062
layerslayer		268.279		35.4676		11		3.22433
1stlayer		251.774		8.83581		10		0.883581
2ndlayer		254.902		12.4115		10		1.24115
3rdlayer		266.074		9.51227		10		0.951227
4thlayer		255.517		18.5862		11		1.68965
5thlayer		313.19		8.82553		13		0.678887
6thlayer		279.662		19.0063		12		1.58386
layerslayer		268.279		35.4676		11		3.22433
1stlayer		251.774		8.83581		10		0.883581
2ndlayer		254.902		12.4115		10		1.24115
3rdlayer		266.074		9.51227		10		0.951227
4thlayer		255.517		18.5862		11		1.68965
5thlayer		313.19		8.82553		13		0.678887
6thlayer		279.662		19.0063		12		1.58386
layerslayer		268.279		35.4676		11		3.22433
1stlayer		251.774		8.83581		10		0.883581
2ndlayer		254.902		12.4115		10		1.24115
3rdlayer		266.074		9.51227		10		0.951227
4thlayer		255.517		18.5862		11		1.68965
5thlayer		313.19		8.82553		13		0.678887
6thlayer		279.662		19.0063		12		1.58386
layerslayer		268.279		35.4676		11		3.22433
1stlayer		251.774		8.83581		10		0.883581
2ndlayer		254.902		12.4115		10		1.24115
3rdlayer		266.074		9.51227		10		0.951227
4thlayer		255.517		18.5862		11		1.68965
5thlayer		313.19		8.82553		13		0.678887
6thlayer		279.662		19.0063		12		1.58386
layerslayer		268.279		35.4676		11		3.22433
1stlayer		251.774		8.83581		10		0.883581
2ndlayer		254.902		12.4115		10		1.24115
3rdlayer		266.074		9.51227		10		0.951227
4thlayer		255.517		18.5862		11		1.68965
5thlayer		313.19		8.82553		13		0.678887
6thlayer		279.662		19.0063		12		1.58386
layerslayer		268.279		35.4676		11		3.22433
1stlayer		251.774		8.83581		10		0.883581
2ndlayer		254.902		12.4115		10		1.24115
3rdlayer		266.074		9.51227		10		0.951227
4thlayer		255.517		18.5862		11		1.68965
5thlayer		313.19		8.82553		13		0.678887
6thlayer		279.662		19.0063		12		1.58386
