run6249
layerslayer		258.636		77.7288		13		5.97914
1stlayer		253.561		28.9174		12		2.40978
2ndlayer		249.628		31.8169		12		2.6514
3rdlayer		223.982		23.0409		12		1.92007
4thlayer		245.868		34.6869		11		3.15336
5thlayer		320.754		20.4178		14		1.45841
6thlayer		274.052		21.8342		12		1.81952
layerslayer		276.655		162.244		11		14.7494
run7254
1stlayer		269.399		7.63736		10		0.763736
2ndlayer		267.74		23.4474		10		2.34474
3rdlayer		251.295		28.5263		10		2.85263
4thlayer		260.37		32.3274		10		3.23274
5thlayer		323.578		15.3227		12		1.27689
6thlayer		291.665		35.735		11		3.24864
run7463
layerslayer		261.528		86.5738		12		7.21449
1stlayer		260.617		30.5778		11		2.7798
2ndlayer		249.49		17.0561		11		1.55055
3rdlayer		238.712		8.43334		11		0.766667
4thlayer		247.678		27.9185		11		2.53805
5thlayer		303.343		16.195		13		1.24577
6thlayer		278.179		26.3311		12		2.19426
layerslayer		258.636		77.7288		13		5.97914
1stlayer		253.561		28.9174		12		2.40978
2ndlayer		249.628		31.8169		12		2.6514
3rdlayer		223.982		23.0409		12		1.92007
4thlayer		245.868		34.6869		11		3.15336
5thlayer		320.754		20.4178		14		1.45841
6thlayer		274.052		21.8342		12		1.81952
layerslayer		258.636		77.7288		13		5.97914
1stlayer		253.561		28.9174		12		2.40978
2ndlayer		249.628		31.8169		12		2.6514
3rdlayer		223.982		23.0409		12		1.92007
4thlayer		245.868		34.6869		11		3.15336
5thlayer		320.754		20.4178		14		1.45841
6thlayer		274.052		21.8342		12		1.81952
layerslayer		258.636		77.7288		13		5.97914
1stlayer		253.561		28.9174		12		2.40978
2ndlayer		249.628		31.8169		12		2.6514
3rdlayer		223.982		23.0409		12		1.92007
4thlayer		245.868		34.6869		11		3.15336
5thlayer		320.754		20.4178		14		1.45841
6thlayer		274.052		21.8342		12		1.81952
layerslayer		258.636		77.7288		13		5.97914
1stlayer		253.561		28.9174		12		2.40978
2ndlayer		249.628		31.8169		12		2.6514
3rdlayer		223.982		23.0409		12		1.92007
4thlayer		245.868		34.6869		11		3.15336
5thlayer		320.754		20.4178		14		1.45841
6thlayer		274.052		21.8342		12		1.81952
layerslayer		258.636		77.7288		13		5.97914
1stlayer		253.561		28.9174		12		2.40978
2ndlayer		249.628		31.8169		12		2.6514
3rdlayer		223.982		23.0409		12		1.92007
4thlayer		245.868		34.6869		11		3.15336
5thlayer		320.754		20.4178		14		1.45841
6thlayer		274.052		21.8342		12		1.81952
layerslayer		258.636		77.7288		13		5.97914
1stlayer		253.561		28.9174		12		2.40978
2ndlayer		249.628		31.8169		12		2.6514
3rdlayer		223.982		23.0409		12		1.92007
4thlayer		245.868		34.6869		11		3.15336
5thlayer		320.754		20.4178		14		1.45841
6thlayer		274.052		21.8342		12		1.81952
