run6249
layerslayer		324.419		29.6528		17		1.74428
1stlayer		310.715		26.6451		15		1.77634
2ndlayer		347.715		20.7903		17		1.22296
3rdlayer		290.223		28.8562		15		1.92375
4thlayer		352.516		22.6975		18		1.26097
5thlayer		324.886		27.9407		17		1.64357
6thlayer		331.384		31.8712		17		1.87478
run7254
alllayer		0		0		0		-nan
1stlayer		0		0		0		-nan
2ndlayer		0		0		0		-nan
3rdlayer		0		0		0		-nan
4thlayer		0		0		0		-nan
5thlayer		0		0		0		-nan
6thlayer		0		0		0		-nan
run7463
layerslayer		304.854		85.6891		14		6.12065
1stlayer		281.139		23.9557		12		1.99631
2ndlayer		339.767		24.3701		16		1.52313
3rdlayer		271.99		19.5777		11		1.77979
4thlayer		329.502		29.3079		15		1.95386
5thlayer		313.812		11.796		13		0.907385
6thlayer		303.53		14.7989		14		1.05707
alllayer		0		0		0		-nan
1stlayer		0		0		0		-nan
2ndlayer		0		0		0		-nan
3rdlayer		0		0		0		-nan
4thlayer		0		0		0		-nan
5thlayer		0		0		0		-nan
6thlayer		0		0		0		-nan
layerslayer		324.419		29.6528		17		1.74428
1stlayer		310.715		26.6451		15		1.77634
2ndlayer		347.715		20.7903		17		1.22296
3rdlayer		290.223		28.8562		15		1.92375
4thlayer		352.516		22.6975		18		1.26097
5thlayer		324.886		27.9407		17		1.64357
6thlayer		331.384		31.8712		17		1.87478
layerslayer		324.419		29.6528		17		1.74428
1stlayer		310.715		26.6451		15		1.77634
2ndlayer		347.715		20.7903		17		1.22296
3rdlayer		290.223		28.8562		15		1.92375
4thlayer		352.516		22.6975		18		1.26097
5thlayer		324.886		27.9407		17		1.64357
6thlayer		331.384		31.8712		17		1.87478
layerslayer		324.419		29.6528		17		1.74428
1stlayer		310.715		26.6451		15		1.77634
2ndlayer		347.715		20.7903		17		1.22296
3rdlayer		290.223		28.8562		15		1.92375
4thlayer		352.516		22.6975		18		1.26097
5thlayer		324.886		27.9407		17		1.64357
6thlayer		331.384		31.8712		17		1.87478
layerslayer		324.419		29.6528		17		1.74428
1stlayer		310.715		26.6451		15		1.77634
2ndlayer		347.715		20.7903		17		1.22296
3rdlayer		290.223		28.8562		15		1.92375
4thlayer		352.516		22.6975		18		1.26097
5thlayer		324.886		27.9407		17		1.64357
6thlayer		331.384		31.8712		17		1.87478
layerslayer		324.419		29.6528		17		1.74428
1stlayer		310.715		26.6451		15		1.77634
2ndlayer		347.715		20.7903		17		1.22296
3rdlayer		290.223		28.8562		15		1.92375
4thlayer		352.516		22.6975		18		1.26097
5thlayer		324.886		27.9407		17		1.64357
6thlayer		331.384		31.8712		17		1.87478
layerslayer		324.419		29.6528		17		1.74428
1stlayer		310.715		26.6451		15		1.77634
2ndlayer		347.715		20.7903		17		1.22296
3rdlayer		290.223		28.8562		15		1.92375
4thlayer		352.516		22.6975		18		1.26097
5thlayer		324.886		27.9407		17		1.64357
6thlayer		331.384		31.8712		17		1.87478
