run7783
layerslayer		290.615		33.4043		13		2.56956
1stlayer		270.401		28.6305		12		2.38588
2ndlayer		313.75		19.1668		14		1.36906
3rdlayer		257.573		12.6968		11		1.15426
4thlayer		319.785		13.9052		14		0.993227
5thlayer		301.816		16.2175		14		1.1584
6thlayer		293.513		17.5972		13		1.35363
run8077
layerslayer		238.82		883.789		11		80.3444
1stlayer		219.635		21.9207		9		2.43564
2ndlayer		255.084		8.9881		11		0.8171
3rdlayer		209.516		19.5339		9		2.17043
4thlayer		256.262		26.5879		11		2.41708
5thlayer		248.096		20.4245		11		1.85678
6thlayer		237.901		22.7951		11		2.07228
run8082
layerslayer		246.366		462.658		11		42.0599
1stlayer		228.659		10.6325		10		1.06325
2ndlayer		264.401		21.1752		12		1.7646
3rdlayer		213.143		12.3596		9		1.37328
4thlayer		265.801		21.1122		12		1.75935
5thlayer		254.011		23.3672		12		1.94726
6thlayer		245.689		16.1179		11		1.46527
run8050
layerslayer		372.99		37.411		17		2.20065
1stlayer		347.802		13.4952		15		0.899677
2ndlayer		406.775		58.0403		19		3.05475
3rdlayer		334.866		18.4791		15		1.23194
4thlayer		411.144		23.0642		18		1.28135
5thlayer		384.921		22.9502		17		1.35001
6thlayer		367.614		10.7637		17		0.633157
run8063
layerslayer		374.434		24.5728		16		1.5358
1stlayer		350.096		15.8572		15		1.05715
2ndlayer		408.701		14.8636		18		0.825755
3rdlayer		333.989		29.0349		15		1.93566
4thlayer		410.935		25.5536		18		1.41964
5thlayer		384.954		35.3307		17		2.07828
6thlayer		368.968		20.4947		17		1.20557
run8097
layerslayer		287.917		45.2893		13		3.4838
1stlayer		266.295		16.3642		12		1.36368
2ndlayer		309.832		29.7634		14		2.12596
3rdlayer		256.484		14.0941		11		1.28128
4thlayer		315.419		15.7516		14		1.12511
5thlayer		301.41		16.9599		13		1.30461
6thlayer		292.465		12.372		13		0.951689
