run7783
layerslayer		302.338		21.7362		13		1.67201
1stlayer		271.11		14.5744		12		1.21454
2ndlayer		350.595		12.7121		14		0.908005
3rdlayer		269.575		23.5454		12		1.96212
4thlayer		317.674		6.01363		12		0.501136
5thlayer		313.061		13.7155		14		0.979682
6thlayer		306.392		13.1114		14		0.93653
run8077
layerslayer		245.013		10.8592		11		0.987204
1stlayer		213.357		14.5823		10		1.45823
2ndlayer		279.014		30.8525		14		2.20375
3rdlayer		227.119		6.69964		9		0.744404
4thlayer		254.843		11.8615		11		1.07832
5thlayer		252.622		10.9933		11		0.999392
6thlayer		251.393		7.43154		11		0.675595
run8082
layerslayer		248.001		25.0924		12		2.09103
1stlayer		222.798		13.2849		10		1.32849
2ndlayer		288.295		20.045		13		1.54193
3rdlayer		228.28		10.6618		10		1.06618
4thlayer		250.43		9.18438		11		0.834943
5thlayer		251.899		10.4657		10		1.04657
6thlayer		261.191		12.2429		11		1.11299
run8050
layerslayer		391.196		14.4232		17		0.848426
1stlayer		357.467		28.5029		15		1.9002
2ndlayer		450.631		15.6939		20		0.784694
3rdlayer		369.164		17.4984		16		1.09365
4thlayer		408.839		15.6646		17		0.921448
5thlayer		392.517		25.593		16		1.59956
6thlayer		404.495		8.3249		17		0.4897
run8063
layerslayer		387.72		23.9961		18		1.33312
1stlayer		348.914		8.67557		14		0.619684
2ndlayer		471.656		13.455		21		0.640714
3rdlayer		358.476		18.4997		16		1.15623
4thlayer		402.097		19.5616		17		1.15068
5thlayer		381.234		11.9407		17		0.702395
6thlayer		420.121		25.0772		18		1.39318
run8097
layerslayer		296.556		5.68154		13		0.437041
1stlayer		267.138		6.39022		11		0.580929
2ndlayer		334.257		12.9565		16		0.809781
3rdlayer		275.138		20.8862		12		1.74052
4thlayer		316.064		6.47893		13		0.49838
5thlayer		298.237		10.6799		14		0.762848
6thlayer		304.943		18.3326		14		1.30947
