run7783
layerslayer		252.55		45.5232		9		5.05813
1stlayer		248.821		14.4979		9		1.61088
2ndlayer		229.187		4.70237		7		0.671767
3rdlayer		235.366		12.1978		8		1.52472
4thlayer		247.57		17.1012		9		1.90014
5thlayer		280.925		24.6427		10		2.46427
6thlayer		279.436		28.6546		10		2.86546
run8077
layerslayer		186.733		24.4569		7		3.49384
1stlayer		185.015		18.0742		6		3.01237
2ndlayer		169.667		4.64051		6		0.773419
3rdlayer		171.511		6.24247		7		0.891781
4thlayer		184.534		7.67873		6		1.27979
5thlayer		210.91		8.64921		7		1.2356
6thlayer		209.201		12.4229		7		1.77469
run8082
layerslayer		192.108		30.0925		7		4.29894
1stlayer		191.378		8.04007		7		1.14858
2ndlayer		176.81		15.6351		6		2.60585
3rdlayer		181.177		2.92944		6		0.48824
4thlayer		187.005		11.0143		7		1.57347
5thlayer		213.541		4.88094		7		0.697278
6thlayer		213.297		9.38239		7		1.34034
run8050
layerslayer		313.489		58.6671		12		4.88892
1stlayer		312.495		20.7991		11		1.89082
2ndlayer		288.039		17.702		10		1.7702
3rdlayer		297.896		20.8303		10		2.08303
4thlayer		310.06		11.2725		11		1.02477
5thlayer		343.695		10.004		12		0.833664
6thlayer		340.128		18.3354		13		1.41041
run8063
layerslayer		318.058		46.6599		12		3.88832
1stlayer		320.217		19.6752		11		1.78866
2ndlayer		290.324		10.8281		10		1.08281
3rdlayer		296.104		10.0878		11		0.917077
4thlayer		315.352		16.4933		12		1.37444
5thlayer		352.846		10.0951		12		0.84126
6thlayer		342.346		23.1931		13		1.78409
run8097
layerslayer		251.972		41.4532		10		4.14532
1stlayer		246.476		12.3754		9		1.37504
2ndlayer		230.892		24.0398		9		2.67109
3rdlayer		238.702		11.6586		9		1.2954
4thlayer		248.854		13.9254		9		1.54727
5thlayer		279.729		14.9394		10		1.49394
6thlayer		277.122		10.1326		10		1.01326
