run7783
layerslayer		249.328		112.702		10		11.2702
1stlayer		249.959		51.7487		10		5.17487
2ndlayer		227.897		24.3853		8		3.04817
3rdlayer		219.446		8.63338		9		0.959264
4thlayer		244.262		26.9516		9		2.99462
5thlayer		284.158		77.892		11		7.08109
6thlayer		274.531		56.9924		11		5.18113
run8077
layerslayer		186.667		369.792		7		52.8274
1stlayer		186.498		22.4741		7		3.21058
2ndlayer		169.065		25.1319		7		3.59028
3rdlayer		160.862		9.47808		7		1.35401
4thlayer		182.46		18.7939		7		2.68485
5thlayer		213.847		24.8895		8		3.11119
6thlayer		204.616		30.8995		9		3.43328
run8082
layerslayer		189.131		199.842		8		24.9803
1stlayer		194.762		21.1311		7		3.01873
2ndlayer		176.027		6.91812		6		1.15302
3rdlayer		163.815		5.11561		7		0.730801
4thlayer		181.939		22.7166		7		3.24522
5thlayer		214.797		15.0576		9		1.67306
6thlayer		209.873		20.8938		8		2.61172
run8050
layerslayer		309.705		122.551		13		9.42702
1stlayer		319.904		36.0068		12		3.00057
2ndlayer		286.645		17.2307		11		1.56642
3rdlayer		272.907		47.5771		11		4.32519
4thlayer		300.778		37.0609		12		3.08841
5thlayer		352.571		24.2214		14		1.7301
6thlayer		334.866		11.9288		14		0.85206
run8063
layerslayer		313.896		101.857		13		7.83519
1stlayer		322.466		24.326		12		2.02717
2ndlayer		290.494		18.5916		11		1.69015
3rdlayer		276.066		23.8507		12		1.98756
4thlayer		306.765		51.0876		12		4.2573
5thlayer		356.139		31.8176		14		2.27269
6thlayer		337.653		44.4577		14		3.17555
run8097
layerslayer		249.381		84.7699		11		7.70635
1stlayer		248.832		34.1906		10		3.41906
2ndlayer		228.333		51.6053		10		5.16053
3rdlayer		220.105		17.1832		10		1.71832
4thlayer		244.913		12.1889		10		1.21889
5thlayer		284.81		38.9761		12		3.24801
6thlayer		274.678		35.0135		11		3.18305
