run7783
1stlayer		251.741		25.741		9		2.86011
2ndlayer		227.142		13.0209		7		1.86012
3rdlayer		218.638		7.3108		8		0.91385
4thlayer		242.939		25.801		9		2.86678
5thlayer		285.343		63.3725		10		6.33725
6thlayer		276.276		44.1189		10		4.41189
run8077
1stlayer		187.242		17.8758		6		2.9793
2ndlayer		169.184		11.9826		6		1.9971
3rdlayer		160.698		4.05466		6		0.675777
4thlayer		181.948		13.7909		6		2.29849
5thlayer		213.181		22.789		7		3.25558
6thlayer		205.236		26.6143		8		3.32678
run8082
1stlayer		194.707		22.2037		7		3.17196
2ndlayer		174.227		13.4842		6		2.24736
3rdlayer		164.247		2.17335		6		0.362225
4thlayer		182.439		9.30053		6		1.55009
5thlayer		214.383		17.6547		8		2.20684
6thlayer		211.023		23.6542		7		3.37917
run8050
1stlayer		321.3		33.5085		11		3.04623
2ndlayer		285.795		16.6767		10		1.66767
3rdlayer		273.917		19.165		10		1.9165
4thlayer		301.252		14.1751		11		1.28864
5thlayer		352.771		20.9223		12		1.74353
6thlayer		336.509		14.0357		13		1.07967
run8063
1stlayer		322.513		23.9308		11		2.17553
2ndlayer		289.544		14.7239		10		1.47239
3rdlayer		275.305		13.6857		11		1.24415
4thlayer		304.811		46.1409		11		4.19463
5thlayer		356.894		20.6364		13		1.58741
6thlayer		340.341		25.7906		13		1.98389
run8097
1stlayer		249.564		28.1007		9		3.1223
2ndlayer		227.031		53.0381		9		5.89312
3rdlayer		220.02		12.8321		9		1.42579
4thlayer		244.376		11.6582		9		1.29535
5thlayer		285.536		29.5669		11		2.6879
6thlayer		275.544		27.9279		10		2.79279
