run7783
layerslayer		290.615		33.4043		13		2.56956
1stlayer		270.401		28.6305		12		2.38588
2ndlayer		313.75		19.1668		14		1.36906
3rdlayer		257.573		12.6968		11		1.15426
4thlayer		319.785		13.9052		14		0.993227
5thlayer		301.816		16.2175		14		1.1584
6thlayer		293.513		17.5972		13		1.35363
run8077
run8077
layerslayer		238.82		883.789		11		80.3444
1stlayer		219.635		21.9207		9		2.43564
2ndlayer		255.084		8.9881		11		0.8171
3rdlayer		209.516		19.5339		9		2.17043
4thlayer		256.262		26.5879		11		2.41708
5thlayer		248.096		20.4245		11		1.85678
6thlayer		237.901		22.7951		11		2.07228
run8077
layerslayer		238.82		883.789		11		80.3444
1stlayer		219.635		21.9207		9		2.43564
2ndlayer		255.084		8.9881		11		0.8171
3rdlayer		209.516		19.5339		9		2.17043
4thlayer		256.262		26.5879		11		2.41708
5thlayer		248.096		20.4245		11		1.85678
6thlayer		237.901		22.7951		11		2.07228
run7254
run8077
layerslayer		238.82		883.789		11		80.3444
1stlayer		219.635		21.9207		9		2.43564
2ndlayer		255.084		8.9881		11		0.8171
3rdlayer		209.516		19.5339		9		2.17043
4thlayer		256.262		26.5879		11		2.41708
5thlayer		248.096		20.4245		11		1.85678
6thlayer		237.901		22.7951		11		2.07228
run7254
layerslayer		0		0		0		-nan
1stlayer		0		0		0		-nan
2ndlayer		0		0		0		-nan
3rdlayer		0		0		0		-nan
4thlayer		0		0		0		-nan
5thlayer		0		0		0		-nan
6thlayer		0		0		0		-nan
