run7783
layerslayer		252.55		45.5232		9		5.05813
1stlayer		248.821		14.4979		9		1.61088
2ndlayer		229.187		4.70237		7		0.671767
3rdlayer		235.366		12.1978		8		1.52472
4thlayer		247.57		17.1012		9		1.90014
5thlayer		280.925		24.6427		10		2.46427
6thlayer		279.436		28.6546		10		2.86546
run8077
run8077
layerslayer		186.733		24.4569		7		3.49384
1stlayer		185.015		18.0742		6		3.01237
2ndlayer		169.667		4.64051		6		0.773419
3rdlayer		171.511		6.24247		7		0.891781
4thlayer		184.534		7.67873		6		1.27979
5thlayer		210.91		8.64921		7		1.2356
6thlayer		209.201		12.4229		7		1.77469
run8077
layerslayer		186.733		24.4569		7		3.49384
1stlayer		185.015		18.0742		6		3.01237
2ndlayer		169.667		4.64051		6		0.773419
3rdlayer		171.511		6.24247		7		0.891781
4thlayer		184.534		7.67873		6		1.27979
5thlayer		210.91		8.64921		7		1.2356
6thlayer		209.201		12.4229		7		1.77469
run7254
run8077_new
layerslayer		186.733		24.4569		7		3.49384
1stlayer		185.015		18.0742		6		3.01237
2ndlayer		169.667		4.64051		6		0.773419
3rdlayer		171.511		6.24247		7		0.891781
4thlayer		184.534		7.67873		6		1.27979
5thlayer		210.91		8.64921		7		1.2356
6thlayer		209.201		12.4229		7		1.77469
run7254
layerslayer		288.797		56.0014		11		5.09104
1stlayer		283.114		8.72856		11		0.793505
2ndlayer		265.749		20.2877		9		2.25419
3rdlayer		275.507		18.6918		10		1.86918
4thlayer		282.575		20.4902		11		1.86275
5thlayer		324.702		14.3761		12		1.19801
6thlayer		312.029		33.8516		12		2.82097
