run7783
layerslayer		249.328		112.702		10		11.2702
1stlayer		249.959		51.7487		10		5.17487
2ndlayer		227.897		24.3853		8		3.04817
3rdlayer		219.446		8.63338		9		0.959264
4thlayer		244.262		26.9516		9		2.99462
5thlayer		284.158		77.892		11		7.08109
6thlayer		274.531		56.9924		11		5.18113
run8077
run8077
layerslayer		186.667		369.792		7		52.8274
1stlayer		186.498		22.4741		7		3.21058
2ndlayer		169.065		25.1319		7		3.59028
3rdlayer		160.862		9.47808		7		1.35401
4thlayer		182.46		18.7939		7		2.68485
5thlayer		213.847		24.8895		8		3.11119
6thlayer		204.616		30.8995		9		3.43328
run8077
layerslayer		186.667		369.792		7		52.8274
1stlayer		186.498		22.4741		7		3.21058
2ndlayer		169.065		25.1319		7		3.59028
3rdlayer		160.862		9.47808		7		1.35401
4thlayer		182.46		18.7939		7		2.68485
5thlayer		213.847		24.8895		8		3.11119
6thlayer		204.616		30.8995		9		3.43328
run7254
run8077
layerslayer		186.667		369.792		7		52.8274
1stlayer		186.498		22.4741		7		3.21058
2ndlayer		169.065		25.1319		7		3.59028
3rdlayer		160.862		9.47808		7		1.35401
4thlayer		182.46		18.7939		7		2.68485
5thlayer		213.847		24.8895		8		3.11119
6thlayer		204.616		30.8995		9		3.43328
run7254
layerslayer		289.567		1123.92		12		93.6597
1stlayer		285.27		29.402		12		2.45017
2ndlayer		264.789		36.7754		10		3.67754
3rdlayer		259.506		27.3531		11		2.48664
4thlayer		277.623		32.8603		11		2.9873
5thlayer		326.507		21.5543		13		1.65802
6thlayer		309.34		1084.1		13		83.3923
